1111111111111111111111110000111111111111111111111111111111111111
1111111111111111111110010000011111111111111111111111111111111111
1111111111111111101010010001111111101111111111110011001111111111
1111110000001111100000000001111111001110111111100110001111111111
1111111000000000000000000011111110111000000000000000000011000111
1111100001100000001111100111111110110020222100000111100111000111
1111100011111100001111010111111111110000222000000111000110000111
1111000011111100001111010011111111111000000000000011010001111111
1111000011111110000101110001111101110000002000000000010111111111
1111000001111111100011000000000100110000000000000000010111111111
1111000011111111111000000111000001001100000000001000010111111111
1111000011111111111100010000100000111110000000011100010011111111
1111100011111111111110111100010000011110000001111100010001111111
1111100111111111111110111000011000000000100001111110001001111111
1111100111110011111100010100111111111110000000111100001000011111
1111100011110011110000100000001111111110000000000000000000100111
1111000000000000000000000000111111110010000000000001000000010111
1111000111110000000000000000100111110000000000000000000000010011
1111000111110010000000000000110000010010001111101110010002222201
1111000001100000000000000001111110000000000000001111000000000201
1111100010001000000000000001101111111000011111101111000002202201
1111110000000000000000000000000000000000010000000010000000202101
1111110000000000000000001001000111011000010000000011000000002011
1111000000000000000000000101000111111111110000000001000010000011
1111000000000100000001110011001111110000000000000000110001100001
1110000000000110000111100111111111111111100000000001111111111011
1000000000000111100111000100000122222222100000000000111111100001
1002021000001000110110000110000120000002100000000000111111110011
1002222000000110000000000100000122202022100000000011111111111111
1200000000000000000000000000000000000000000000001111111111111111
1222202200000000000001000110000122202202100000011111111111111111
1000202100111111000010011010000111000012100000000111111111111111
1000000001111111110001000110000111122022100001000111111111111111
1000000111111111111100101110000001122002100001110111111111111111
1000001111111111111111111111000001111011100000010111111111111111
1111111111111111111111111111000000000000001111110111111111111111
